[s[?25l[m [m [0;38;2;255;255;255m▄[48;2;255;255;255m[38;2;255;255;255m▄[48;2;255;255;255m[38;2;207;191;140m▄[48;2;255;255;255m[38;2;207;191;140m▄[48;2;255;255;255m[38;2;207;191;140m▄[48;2;255;255;255m[38;2;255;255;255m▄[0;38;2;255;255;255m▄[0;38;2;255;255;255m▄[48;2;255;255;255m[38;2;255;255;255m▄[48;2;255;255;255m[38;2;207;191;140m▄[48;2;255;255;255m[38;2;207;191;140m▄[48;2;255;255;255m[38;2;207;191;140m▄[48;2;255;255;255m[38;2;255;255;255m▄[0;38;2;255;255;255m▄[m [m [m [m
[m [m [48;2;255;255;255m[38;2;255;255;255m▄[48;2;207;191;140m[38;2;207;191;140m▄[48;2;207;191;140m[38;2;194;180;135m▄[48;2;194;180;135m[38;2;183;55;54m▄[48;2;194;180;135m[38;2;183;55;54m▄[48;2;194;180;135m[38;2;183;55;54m▄[48;2;183;55;54m[38;2;183;55;54m▄[48;2;183;55;54m[38;2;194;180;135m▄[48;2;194;180;135m[38;2;194;180;135m▄[48;2;194;180;135m[38;2;133;94;51m▄[48;2;194;180;135m[38;2;133;94;51m▄[48;2;194;180;135m[38;2;133;94;51m▄[48;2;207;191;140m[38;2;194;180;135m▄[48;2;255;255;255m[38;2;255;255;255m▄[m [m [m [m
[m [m [48;2;255;255;255m[38;2;255;255;255m▄[48;2;194;180;135m[38;2;158;35;30m▄[48;2;158;35;30m[38;2;158;35;30m▄[48;2;158;35;30m[38;2;194;180;135m▄[48;2;158;35;30m[38;2;194;180;135m▄[48;2;194;180;135m[38;2;0;0;0m▄[48;2;194;180;135m[38;2;0;0;0m▄[48;2;133;94;51m[38;2;0;0;0m▄[48;2;133;94;51m[38;2;0;0;0m▄[48;2;0;0;0m[38;2;0;0;0m▄[48;2;0;0;0m[38;2;0;0;0m▄[48;2;133;94;51m[38;2;0;0;0m▄[48;2;133;94;51m[38;2;255;255;255m▄[48;2;255;255;255m[38;2;255;255;255m▄[m [m [m [m
[m [0;38;2;255;255;255m▄[48;2;255;255;255m[38;2;255;255;255m▄[48;2;164;36;35m[38;2;194;180;135m▄[48;2;194;180;135m[38;2;133;94;51m▄[48;2;133;94;51m[38;2;0;0;0m▄[48;2;0;0;0m[38;2;0;0;0m▄[48;2;0;0;0m[38;2;255;204;128m▄[48;2;0;0;0m[38;2;26;26;26m▄[48;2;204;152;79m[38;2;255;204;128m▄[48;2;0;0;0m[38;2;255;204;128m▄[48;2;0;0;0m[38;2;0;0;0m▄[48;2;26;26;26m[38;2;235;178;103m▄[48;2;0;0;0m[38;2;235;178;103m▄[48;2;0;0;0m[38;2;0;0;0m▄[48;2;255;255;255m[38;2;255;255;255m▄[m [m [m [m
[m [48;2;255;255;255m[38;2;255;255;255m▄[48;2;194;180;135m[38;2;194;180;135m▄[48;2;133;94;51m[38;2;133;94;51m▄[48;2;133;94;51m[38;2;133;94;51m▄[48;2;0;0;0m[38;2;0;0;0m▄[48;2;26;26;26m[38;2;26;26;26m▄[48;2;255;204;128m[38;2;255;204;128m▄[48;2;255;204;128m[38;2;255;204;128m▄[48;2;0;0;0m[38;2;0;0;0m▄[48;2;255;204;128m[38;2;255;204;128m▄[48;2;255;204;128m[38;2;255;204;128m▄[48;2;0;0;0m[38;2;0;0;0m▄[48;2;255;204;128m[38;2;255;204;128m▄[48;2;255;255;255m[38;2;235;178;103m▄[48;2;255;255;255m[38;2;255;204;128m▄[48;2;255;255;255m[38;2;255;204;128m▄[48;2;255;255;255m[38;2;255;255;255m▄[m [m
[m [0;38;2;255;255;255m▀[48;2;255;255;255m[38;2;255;255;255m▄[48;2;194;180;135m[38;2;255;255;255m▄[48;2;133;94;51m[38;2;255;255;255m▄[48;2;0;0;0m[38;2;0;0;0m▄[48;2;0;0;0m[38;2;0;0;0m▄[48;2;255;204;128m[38;2;204;152;79m▄[48;2;255;204;128m[38;2;255;204;128m▄[48;2;255;204;128m[38;2;255;204;128m▄[48;2;235;178;103m[38;2;255;204;128m▄[48;2;235;178;103m[38;2;255;204;128m▄[48;2;235;178;103m[38;2;255;204;128m▄[48;2;255;204;128m[38;2;235;178;103m▄[48;2;235;178;103m[38;2;204;152;79m▄[48;2;255;204;128m[38;2;204;152;79m▄[48;2;204;152;79m[38;2;255;204;128m▄[48;2;255;255;255m[38;2;255;255;255m▄[m [m  ___               ____  _
[m [m [m [m [0;38;2;255;255;255m▀[48;2;255;255;255m[38;2;255;255;255m▄[48;2;0;0;0m[38;2;255;255;255m▄[48;2;0;0;0m[38;2;0;0;0m▄[48;2;204;152;79m[38;2;0;0;0m▄[48;2;204;152;79m[38;2;0;0;0m▄[48;2;204;152;79m[38;2;204;152;79m▄[48;2;0;0;0m[38;2;204;152;79m▄[48;2;0;0;0m[38;2;0;0;0m▄[48;2;255;204;128m[38;2;204;152;79m▄[48;2;255;255;255m[38;2;255;255;255m▄[48;2;255;204;128m[38;2;204;152;79m▄[48;2;255;204;128m[38;2;235;178;103m▄[48;2;255;255;255m[38;2;255;255;255m▄[m [m / _ \ _ __   ___  |  _ \(_) ___  ___ ___
[m [m [m [m [48;2;255;255;255m[38;2;255;255;255m▄[48;2;255;255;255m[38;2;158;35;30m▄[48;2;158;35;30m[38;2;183;55;54m▄[48;2;183;55;54m[38;2;158;35;30m▄[48;2;158;35;30m[38;2;158;35;30m▄[48;2;0;0;0m[38;2;204;152;79m▄[48;2;0;0;0m[38;2;255;204;128m▄[48;2;0;0;0m[38;2;255;204;128m▄[48;2;0;0;0m[38;2;255;204;128m▄[48;2;0;0;0m[38;2;158;35;30m▄[48;2;255;255;255m[38;2;255;255;255m▄[48;2;183;55;54m[38;2;158;35;30m▄[48;2;204;152;79m[38;2;183;55;54m▄[48;2;255;255;255m[38;2;255;255;255m▄[m [m| | | | '_ \ / _ \ | |_) | |/ _ \/ __/ _ \
[m [m [48;2;255;255;255m[38;2;255;255;255m▄[48;2;255;255;255m[38;2;183;55;54m▄[48;2;158;35;30m[38;2;158;35;30m▄[48;2;158;35;30m[38;2;158;35;30m▄[48;2;183;55;54m[38;2;255;255;255m▄[48;2;216;202;54m[38;2;158;35;30m▄[48;2;183;55;54m[38;2;183;55;54m▄[48;2;255;204;128m[38;2;255;204;128m▄[48;2;204;152;79m[38;2;255;204;128m▄[48;2;255;204;128m[38;2;204;152;79m▄[48;2;204;152;79m[38;2;255;204;128m▄[48;2;183;55;54m[38;2;183;55;54m▄[48;2;158;35;30m[38;2;158;35;30m▄[48;2;158;35;30m[38;2;158;35;30m▄[48;2;158;35;30m[38;2;183;55;54m▄[48;2;255;255;255m[38;2;255;255;255m▄[m [m| |_| | | | |  __/ |  __/| |  __/ (_|  __/
[m [m [0;38;2;255;255;255m▀[0;38;2;255;204;128m▀[0;38;2;183;55;54m▀[0;38;2;183;55;54m▀[0;38;2;255;255;255m▀[0;38;2;216;202;54m▀[0;38;2;183;55;54m▀[0;38;2;255;204;128m▀[0;38;2;204;152;79m▀[0;38;2;255;204;128m▀[0;38;2;204;152;79m▀[0;38;2;183;55;54m▀[0;38;2;255;255;255m▀[0;38;2;255;255;255m▀[0;38;2;255;255;255m▀[0;38;2;255;255;255m▀[m [m \___/|_| |_|\___| |_|   |_|\___|\___\___|
[?25h